SN: {1: 0.03807203389830507, 2: 0.0738793103448276, 3: 0.10596491228070269, 4: 0.13372767857142867, 5: 0.159363636363636, 6: 0.1828009259259268, 7: 0.20334905660377373, 8: 0.22103365384615384, 9: 0.24083333333333382, 10: 0.2604249999999999, 11: 0.27489795918367316, 12: 0.28388020833333305, 13: 0.29755319148936227,14: 0.3083423913043498, 15: 0.3158611111111117, 16: 0.32701704545454546, 17: 0.33325581395348797, 18: 0.3382142857142849, 19: 0.3449085365853653, 20: 0.35168750000000026, 21: 0.3594871794871807, 22: 0.361611842105264, 23: 0.36570945945946, 24: 0.37354166666666666, 25: 0.36860714285714297, 26: 0.371507352941175, 27: 0.3779545454545474, 28: 0.372578125, 29: 0.3776612903225793, 30: 0.3740416666666673, 31: 0.38344827586206903, 32: 0.3758482142857142, 33: 0.37675925925926107, 34: 0.37033653846153874, 35: 0.37304999999999944, 36: 0.3682812499999997, 37: 0.36695652173913024, 38: 0.3618181818181822, 39: 0.35898809523809555, 40: 0.35706250000000045, 41: 0.3454605263157921, 42: 0.3425694444444449, 43: 0.3334558823529406, 44: 0.326953125, 45: 0.3224166666666685, 46: 0.31223214285714274, 47: 0.29394230769230917, 48: 0.2876041666666666, 49: 0.26943181818182077, 50: 0.25249999999999967, 51: 0.24430555555555852, 52: 0.22828125, 53: 0.2149999999999991, 54: 0.19041666666666654, 55: 0.1602500000000011, 56: 0.138125, 57: 0.1204166666666664, 58: 0.071875, 59: 0.0525}
SY: {1: 0.059851694915254494, 2: 0.09450431034482755, 3: 0.13087719298245754, 4: 0.16071428571428556, 5: 0.19129545454545402, 6: 0.22358796296296307, 7: 0.2525235849056605, 8: 0.28377403846153837, 9: 0.31009803921568674, 10: 0.33609999999999984, 11: 0.36109693877550986, 12: 0.38640625000000023, 13: 0.41218085106382985, 14: 0.4343478260869563, 15: 0.45538888888888907, 16: 0.47843749999999974, 17: 0.4992151162790694, 18: 0.5173809523809524, 19: 0.5348170731707323, 20: 0.5508437499999997, 21: 0.561153846153846, 22: 0.5723684210526302, 23: 0.5800675675675673, 24: 0.584548611111111, 25: 0.5861428571428577, 26: 0.5863235294117646, 27: 0.58590909090909, 28: 0.5871484375, 29: 0.5844758064516138, 30: 0.5797500000000007, 31: 0.5737068965517244, 32: 0.5706696428571428, 33: 0.5682407407407406, 34: 0.562788461538462, 35: 0.5592000000000007, 36: 0.5514583333333335, 37: 0.5444565217391311, 38: 0.536306818181818, 39: 0.5291071428571429, 40: 0.5196249999999999, 41: 0.5163815789473675, 42: 0.508333333333333, 43: 0.49426470588235416, 44: 0.4896875, 45: 0.4742499999999985, 46: 0.4574999999999994, 47: 0.447403846153846, 48: 0.44052083333333364, 49: 0.42193181818181835, 50: 0.405, 51: 0.3920833333333335, 52: 0.369375, 53: 0.3439285714285709, 54: 0.3122916666666665, 55: 0.2874999999999991, 56: 0.2559375, 57: 0.21000000000000033, 58: 0.14625, 59: 0.1075} 